0.775958242416729,0.775592147872446,0.775663774243235,0.775685451095627,0.775692231414751,0.775827363283634,0.775695050090082,0.775828253708814
0.778444059404961,0.778460521070202,0.778452811112212,0.778454130553486,0.778468883992476,0.778467491274477,0.77847187809999,0.778471329382044
0.821606200285042,0.818822843875463,0.820169306093054,0.820340448261664,0.820402896502527,0.820440458251339,0.820458096093965,0.820459983039583
0.781149076844119,0.783224059524338,0.783349166574882,0.78338100061146,0.78338639344485,0.783394279064869,0.783392269696931,0.783393618625039
0.813715121578807,0.814210385381187,0.814221127158023,0.814220154128108,0.813360171777929,0.813360627614602,0.813360168081356,0.813360554671922
0.799896927164937,0.79971742618323,0.799695376463972,0.799695116507545,0.799690010810274,0.799690591566635,0.799689348853454,0.79968977658148
0.760806140275847,0.761803517935003,0.761574517126531,0.761533313561279,0.761506461642307,0.761502089245848,0.761495448472569,0.761493309675838
0.806379908815067,0.807714981054291,0.807811082442091,0.807839713688173,0.807864858785567,0.807873185975203,0.807877717296422,0.807879060440373
0.76192769126961,0.761812825038904,0.761785214031237,0.761791819066008,0.761779438718212,0.761775813050408,0.761773924874013,0.761770336619973
0.760221144992749,0.760227333050143,0.760201228571567,0.760641819534034,0.760632294488449,0.760621632256489,0.760615313969977,0.760616257911459
0.812278351030559,0.812874179690855,0.813965260391915,0.814114163103575,0.814132454508985,0.814142225525563,0.81397876922744,0.813960955130458
0.799880492607889,0.799774320761174,0.799834253471792,0.799740771314905,0.799743804311008,0.79974495095443,0.799741605644255,0.799741407957249
0.768438157689292,0.768519917496859,0.76856425276382,0.768551109050684,0.768539770871409,0.768539443004443,0.768539829096914,0.768539407170883
0.797479292834373,0.797646603861639,0.797250524821522,0.797252364983991,0.797325972190305,0.797326731498042,0.797664779171816,0.797668969595188
0.785829541399675,0.784898057615976,0.785027878324559,0.785115017905499,0.785132728043733,0.785142495540589,0.785180133757423,0.785232748028157
0.794076741971827,0.795880159257915,0.79462456919516,0.79462409202524,0.794632218772892,0.794623343110528,0.794625034119108,0.794621046856223
0.786665984392035,0.786753947170176,0.78676035326841,0.786771787572668,0.786948830991293,0.786767450872604,0.786766404920826,0.786768956195003
0.775656669714696,0.775668304941748,0.775757411658063,0.775878854759836,0.77592173824034,0.775989508328241,0.775964167217721,0.77598258296282
0.732528286116549,0.732430659527809,0.732366338316668,0.732346258015979,0.732336543979748,0.732331749635152,0.732331514776603,0.732330745129774
0.777431760960716,0.777517128450373,0.777666181740301,0.777697556351414,0.777699885898623,0.777698795202992,0.777699136866664,0.777700616522376
0.769070712126133,0.768288202805977,0.76825776507691,0.768248370193671,0.76825760157753,0.76827147205469,0.768280173153645,0.768273019574987
0.293789171440869,0.301752469490239,0.303891779011012,0.309166126961515,0.309569850743682,0.309758597110358,0.309808102403579,0.309827081210207
0.82479958580904,0.82448839205757,0.825153350863415,0.825253096188902,0.825284964836915,0.825287680106478,0.825324808583225,0.82533129869514
0.830871013758763,0.830862574300985,0.830856883410082,0.830848790554258,0.830849387471475,0.830849667495461,0.83085248308763,0.830853546780159
0.764112678768149,0.764679856918793,0.765121487125611,0.765282334642882,0.765346294828108,0.765417902343614,0.765430346661324,0.765447269603288
0.824645471098532,0.825176936450655,0.825323540013796,0.825377538598482,0.821611722491448,0.825397066068918,0.825396483194441,0.825396852507839
0.803573813914185,0.803448858608252,0.803427026372458,0.803431002318498,0.803429207346054,0.803426325968363,0.80341990566643,0.80341805143796
0.802677979955146,0.775587132756479,0.780493412216474,0.781296177283482,0.781510597742882,0.781846054073485,0.781857118025334,0.781607388900854
0.806611124030834,0.806165651817956,0.806182358573918,0.806160249297389,0.806155698932449,0.806159635417774,0.806154768272029,0.806169607107937
0.492032400867631,0.6903807725927,0.686788030237259,0.690242279280329,0.691684941738738,0.692662041770804,0.693588616178983,0.69455423391794
0.804792631083733,0.807158356554792,0.80707992524406,0.807070222805378,0.80707736297168,0.80708084996214,0.807079768668439,0.807079297475751
0.82440034202213,0.823242575601925,0.82350552299349,0.824503991524231,0.824583494581587,0.82482053362392,0.82491678168794,0.825214051310046
0.792265542656333,0.792191509691603,0.792197869851542,0.792177283773978,0.792185597016086,0.792186008786142,0.79216826764428,0.792168212980433
0.791146597079656,0.798494040823614,0.798270641632013,0.798304243800998,0.798324150719882,0.798313273924275,0.798299755661475,0.79828656781152
-0.136441553314279,-0.104535748971389,-0.120231780164083,-0.120336461815879,-0.120228927697154,-0.120195043649417,-0.120184718005814,-0.120182880595401
0.805277789272761,0.768563638791233,0.773507830280781,0.774250921952564,0.77493926504684,0.775789569027136,0.775990271755164,0.776026770094679
0.830745240310861,0.833563236870002,0.834894269480517,0.83529058756687,0.835152587816594,0.835256876508432,0.835349154910374,0.835355013049642
0.454070446824624,0.450566668697239,0.450485029754545,0.450611378646504,0.450613231080635,0.45060677795683,0.450304651779272,0.450303875102062
0.819638902543874,0.823857182072263,0.823957349895261,0.823988601995107,0.82401477939188,0.824024615791074,0.824020558718918,0.82402894377276
0.828373080480097,0.830377351515254,0.830618851572271,0.830686821033964,0.830752657315809,0.830761227255357,0.830801051054159,0.830865419947204
0.0685757964089094,0.0979959772802054,0.0930027906528066,0.0939922206276397,0.0944151705449321,0.0945761147532652,0.0946621658100958,0.0946884067093587
0.832270205852092,0.832087061044524,0.832048857616169,0.832033147557363,0.832032761184059,0.832033090363672,0.832037483332864,0.832035995392519
0.818198336010891,0.809542241357264,0.81055786233316,0.811591303754013,0.812064700556729,0.812242080047738,0.812649368723805,0.81279903674455
0.825568116168157,0.828313811482294,0.828268437846862,0.828255019543904,0.82824892592358,0.828237530351835,0.828239729523205,0.828246946087263
0.807249288203701,0.80170924286283,0.802723457005642,0.803727483268744,0.804098532324055,0.804122492152051,0.804073506948078,0.803907615508836
0.78995165357231,0.79476766807572,0.796600847423786,0.79659721583613,0.796600858817738,0.796603680339592,0.796572359820089,0.796561912967945
0.832732440552748,0.832387255919382,0.832490835482236,0.832583835747089,0.832698908258422,0.832818625548486,0.83298965278056,0.835198707314368
0.789055706748792,0.792711766910045,0.792603252787854,0.792586300218808,0.792587713098824,0.792589271025474,0.792588058627395,0.792586234445106
0.839518275088177,0.841284261729363,0.841556756819648,0.841474392171223,0.841480069998535,0.841482260226908,0.841482770324795,0.84151934600614
0.770868081041285,0.770863969729337,0.771099435092168,0.771136020049166,0.771182612300704,0.77127091921333,0.771305730357524,0.771304595199844
